image: /home/ustb/home_real.pgm
resolution: 0.050000
origin: [-6.260829, -4.614806, 0.000000]
negate: 0
occupied_thresh: 0.65
free_thresh: 0.196

